Function	Speed (MB/s)	Avg. time	Min. time	Max. time
Copy:		4846.6		0.033251	0.033013	0.038451
Scale:		4820.3		0.033351	0.033193	0.033607
Add:		4424.0		0.054562	0.054249	0.061363
Triad:		4460.2		0.054207	0.053809	0.063822

