Function	Speed (MB/s)	Avg. time	Min. time	Max. time
Copy:		1142.7		0.258444	0.140015	0.360016
Scale:		1159.2		0.288553	0.138031	0.406341
Add:		2400.6		0.332545	0.099976	0.492980
Triad:		923.7		0.354681	0.259827	0.590027

