Function	Speed (MB/s)	Avg. time	Min. time	Max. time
Copy:		480.4		0.334659	0.333078	0.338791
Scale:		441.6		0.362839	0.362351	0.363449
Add:		646.8		0.37166		0.371056	0.372946
Triad:		640.7		0.375196	0.374601	0.37668

