Function	Speed (MB/s)	Avg. time	Min. time	Max. time
Copy:		280.6		0.571552	0.570197	0.577364
Scale:		212.9		0.753041	0.751540	0.763827
Add:		303.3		0.792990	0.791199	0.813082
Triad:		290.8		0.827080	0.825402	0.827811

