Function	Speed (MB/s)	Avg. time	Min. time	Max. time
Copy:		5785.1		0.027987	0.027657	0.031645
Scale:		5449.2		0.029733	0.029362	0.035281
Add:		3844.2		0.062942	0.062432	0.073696
Triad:		4489.4		0.053946	0.053459	0.057764

