Function	Speed (MB/s)	Avg. time	Min. time	Max. time
Copy:		1844.8		0.087000	0.086731	0.088592
Scale:		784.5		0.204243	0.203953	0.204732
Add:		517.9		0.463611	0.463414	0.463833
Triad:		451.4		0.531908	0.531717	0.532131

