Function	Speed (MB/s)	Avg. time	Min. time	Max. time
Copy:		435.5		0.367791	0.367358	0.368554
Scale:		455.6		0.351832	0.351222	0.354192
Add:		568.3		0.423008	0.422319	0.424562
Triad:		535.7		0.448628	0.448024	0.449357

