Function	Speed (MB/s)	Avg. time	Min. time	Max. time
Copy:		610.1		0.262582	0.262268	0.264313
Scale:		573.7		0.279217	0.278900	0.281006
Add:		430.4		0.558066	0.557586	0.560791
Triad:		400.8		0.599354	0.598877	0.601227

