Function	Speed (MB/s)	Avg. time	Min. time	Max. time
Copy:		280.3		0.571850	0.570721	0.573232
Scale:		212.5		0.754987	0.753076	0.805083
Add:		302.9		0.794086	0.792405	0.804566
Triad:		290.3		0.828472	0.826871	0.830688

