Function	Speed (MB/s)	Avg. time	Min. time	Max. time
Copy:		468.4		0.30779		0.307404	0.308319
Scale:		420.6		0.342848	0.342407	0.344726
Add:		298.2		0.724918	0.724457	0.726776
Triad:		274.7		0.787062	0.786438	0.788635

